PPO_PARAMS: 
{'num_timesteps': 25000000, 'num_evals': 5, 'reward_scaling': 1.0, 'episode_length': 500, 'normalize_observations': True, 'action_repeat': 1, 'unroll_length': 20, 'num_minibatches': 32, 'num_updates_per_batch': 4, 'discounting': 0.97, 'learning_rate': 0.0003, 'entropy_cost': 0.005, 'num_envs': 2048, 'batch_size': 256, 'seed': 0}
MPC update every 5 simulation steps (mpc_frequency=100 Hz, dt=0.002 s)
MPC update every 5 simulation steps (mpc_frequency=100 Hz, dt=0.002 s)
============================================================
  PPO Eval  —  TitaJoystickFlatTerrain
============================================================
  Loading checkpoint: checkpoints/TitaJoystickFlatTerrain/params_best.pkl
  Checkpoint loaded from 'checkpoints/TitaJoystickFlatTerrain'

============================================================
  Rollout viewer with loaded policy
============================================================
  [INFO] env_name: TitaJoystickFlatTerrain
  GPU: NVIDIA GeForce RTX 5090
flag: 0.0, tau_net value: [ -0.25640809 -12.33588412  -3.81641513   0.          -6.72625125
  11.18061762  -7.24094569   0.        ]
flag: 0.0, tau_net value: [  2.54320185 -11.76366811  -1.77025443  -5.37315823  -3.95480924
   5.95110588   0.51099191  -0.62290839]
flag: 0.0, tau_net value: [ 3.809491   -9.73439655 -1.30480348 -2.07371474 -2.65446274  6.06372506
  3.66089166  0.46905585]
flag: 0.0, tau_net value: [ 4.16356568 -7.85791323 -0.68456396 -2.65894534 -2.2765307   6.486625
  5.12976816  1.13577856]
flag: 0.0, tau_net value: [ 4.30827181 -7.06728474 -0.50145843 -1.51773797 -2.11242528  6.62688377
  5.76394023  1.51658518]
  Rollout step: 1/500flag: 0.0, tau_net value: [ -1.61032843  -4.81476163 -12.22822904  -1.52303665  -0.20229447
  10.22475186  11.78116699   1.80404184]
flag: 0.0, tau_net value: [-3.10542643 -9.11881214 -9.17032463 -2.33392234 -1.7664326   7.67796381
 10.76406955  3.21925394]
flag: 0.0, tau_net value: [-3.54749918 -8.9815012  -8.71902509 -1.89607715 -2.20811313  8.77741075
  9.7672001   1.92210857]
flag: 0.0, tau_net value: [-3.74462214 -9.07084893 -8.57777263 -1.86793767 -2.40818099  8.69771691
  8.95775836  2.70595228]
flag: 0.0, tau_net value: [-3.73540835 -9.00269629 -8.70124284 -1.73525454 -2.40542736  8.78503912
  8.34890489  2.29924678]
  Rollout step: 2/500flag: 0.0, tau_net value: [ 6.31994266 -8.71971288  4.81305057 -1.73721979 -6.33824759  7.68454733
  9.04941171  2.49007844]
flag: 0.0, tau_net value: [ 6.87668415e+00 -6.20313675e+00  1.88841305e+00 -5.95074869e-03
 -5.72359189e+00  9.23291891e+00  7.79994064e+00  2.49746108e+00]
flag: 0.0, tau_net value: [ 6.9429664  -6.13324273  0.48990739 -0.66757322 -5.63671146  8.45665446
  6.95968305  2.7551008 ]
flag: 0.0, tau_net value: [ 6.9419332  -6.22302237 -0.65147994 -0.52113097 -5.62899534  8.03229608
  6.16982475  2.36884414]
flag: 0.0, tau_net value: [ 6.86080631 -6.26330365 -1.523636   -0.7520436  -5.71027179  7.64329709
  5.4099343   2.36759028]
  Rollout step: 3/500flag: 0.0, tau_net value: [ 7.44055088 -2.43335972  2.49582316 -0.75959649 -8.09889601  6.36725491
  5.03090677  2.17362398]
flag: 0.0, tau_net value: [ 7.78258777 -3.6100603   1.27845004  1.26750418 -7.74496921  5.27032065
  4.58534615  2.02932244]
flag: 0.0, tau_net value: [ 7.82100513 -3.38450464  0.45641487 -0.05662838 -7.70584307  5.15978055
  3.91721285  1.89934436]
flag: 0.0, tau_net value: [ 7.88289503 -3.7328649  -0.27637193  0.44701737 -7.64516452  4.87960517
  3.3883619   1.80135193]
flag: 0.0, tau_net value: [ 7.87535502 -3.77803867 -0.82518472  0.04558248 -7.65770734  4.76070141
  2.89871022  1.73755866]
  Rollout step: 4/500flag: 0.0, tau_net value: [ 1.31130578 -5.57026339 -7.39369537  0.12841239 -0.89878699  5.19155917
  0.78764998  1.66739882]
flag: 0.0, tau_net value: [ 0.89359148 -6.00531689 -6.51809196 -0.15941869 -1.37482239  4.98358065
  0.69874427  2.47381902]
flag: 0.0, tau_net value: [ 0.78058315 -5.95326898 -6.1097531   0.05359125 -1.5295312   5.24341291
  0.81038774  1.99816011]
flag: 0.0, tau_net value: [ 7.08828399e-01 -5.88512125e+00 -5.78694637e+00  5.07217396e-03
 -1.63310815e+00  5.21908291e+00  9.08217045e-01  2.29364758e+00]
flag: 0.0, tau_net value: [ 0.69849867 -5.79594961 -5.55558906  0.08043429 -1.66823144  5.25523679
  1.06142883  2.15284847]
  Rollout step: 5/500flag: 0.0, tau_net value: [  4.4420599   -7.87942081 -10.08592081   0.07422163  -3.78764633
   2.66338581   0.9572233    2.24881609]
flag: 0.0, tau_net value: [ 3.7248686  -6.29113979 -9.06155185 -0.99327752 -4.52203406  5.09433015
  0.34110061  1.54391481]
flag: 0.0, tau_net value: [ 3.47104327 -6.71075994 -8.22693751 -0.05851546 -4.79048862  5.05563282
  0.43685898  2.15693229]
flag: 0.0, tau_net value: [ 3.37479061 -6.47223491 -7.62241715 -0.42924139 -4.89967633  5.33033825
  0.67125735  1.86465167]
flag: 0.0, tau_net value: [ 3.35517693 -6.45269773 -7.16192803 -0.16407568 -4.92674988  5.31123778
  0.92425944  2.05977462]
  Rollout step: 6/500flag: 0.0, tau_net value: [ 4.23700003 -8.88726693 -3.88888158 -0.23463729 -6.5959012   6.73733325
  3.12885346  1.99231788]
flag: 0.0, tau_net value: [ 4.75124656 -7.17996913 -4.96516477 -0.42378485 -6.05561487  7.248511
  3.17538325  2.3581197 ]
flag: 0.0, tau_net value: [ 4.95973926 -7.10598407 -5.27168608 -0.20675917 -5.84028462  6.81226759
  3.31557798  2.30356011]
flag: 0.0, tau_net value: [ 5.01774367 -6.93531492 -5.37574737 -0.37053924 -5.78200489  6.61265996
  3.32332297  2.27720533]
flag: 0.0, tau_net value: [ 5.03680713 -6.86241679 -5.39916291 -0.30371807 -5.76603719  6.44955334
  3.31448677  2.23911143]
  Rollout step: 7/500flag: 0.0, tau_net value: [ 3.83953687  1.62360643 -5.12490219 -0.34172351 -1.7375182   7.51204333
  0.73372018  2.21771393]
flag: 0.0, tau_net value: [ 3.27628059 -4.37414982 -3.32185777  1.43987462 -2.34085754  2.9959925
  1.29233782  1.79014023]
flag: 0.0, tau_net value: [ 2.96983989 -3.81413746 -3.14204766 -0.27191723 -2.6559442   3.74351817
  0.86456042  1.23682501]
flag: 0.0, tau_net value: [ 2.89884188 -4.25520812 -3.13374832  0.59719296 -2.72948068  3.60483
  0.70305226  1.49844171]
flag: 0.0, tau_net value: [ 2.84982279 -4.17203328 -3.10424072  0.12388387 -2.786215    3.72343425
  0.6080343   1.338441  ]
  Rollout step: 8/500flag: 0.0, tau_net value: [ 0.3830287  -4.73372719  1.2014728   0.33032632 -2.80343024 -1.19205075
 -4.05083627  1.40861669]
flag: 0.0, tau_net value: [ 1.52125348 -1.49143657 -0.84732421  2.90568117 -1.66058059  1.29869197
 -3.67804234  1.16208014]
flag: 0.0, tau_net value: [ 1.86603924 -1.27207132 -1.07779925  2.05423138 -1.34351343  0.86133052
 -3.24476492  2.00426368]
flag: 0.0, tau_net value: [ 2.09437883 -1.28660471 -1.24739127  2.42995473 -1.13046792  0.91066844
 -2.92251697  1.58691431]
flag: 0.0, tau_net value: [ 2.16418337 -1.25468605 -1.27190186  2.20153535 -1.07271948  0.90063771
 -2.79928167  1.90301598]
  Rollout step: 9/500flag: 0.0, tau_net value: [ 2.89274623 -5.12092944 -2.02432389  2.29821248  1.42956626  4.2080723
  0.21836589  1.7756382 ]
flag: 0.0, tau_net value: [ 2.32324313 -4.44039666 -2.07311699  0.91219573  0.84080128  4.48153457
 -0.56050353  3.29700031]
flag: 0.0, tau_net value: [ 2.14942432 -4.65259699 -2.26723256  1.7221362   0.65095126  4.4812199
 -0.69740878  2.37722912]
flag: 0.0, tau_net value: [ 1.94698566 -4.54151233 -2.37913105  1.28464093  0.42878974  4.29479094
 -0.93903077  2.84221958]
flag: 0.0, tau_net value: [ 1.85732219 -4.54250363 -2.54716554  1.50917504  0.32222812  4.22336802
 -1.02763673  2.51121395]
  Rollout step: 10/500flag: 0.0, tau_net value: [ 1.15368666 -3.71002121 -6.15362133  1.38836192 -5.2885156   4.4174336
  0.68834611  2.65895303]
flag: 0.0, tau_net value: [ 1.60711197 -4.08834874 -5.63976701 -1.34610616 -4.79523552  4.44523656
  0.56691269 -0.20708041]
flag: 0.0, tau_net value: [ 1.99375031 -4.70025951 -5.59172518 -0.28919743 -4.36538907  4.06734239
  0.01594408  1.16777422]
flag: 0.0, tau_net value: [ 2.33308387 -4.59041327 -5.54815011 -0.84600199 -4.0040843   4.37248185
 -0.27300188  0.36092463]
flag: 0.0, tau_net value: [ 2.5954337  -4.80612942 -5.50290498 -0.63668843 -3.72761592  4.24906726
 -0.59749569  0.79110325]
  Rollout step: 11/500flag: 0.0, tau_net value: [ 5.83515682 -1.95738066 -4.27930677 -0.77658352 -4.08287773  2.94514514
 -4.94353985  0.52730287]
flag: 0.0, tau_net value: [ 5.76224928 -3.71899918 -4.14179597  2.98279958 -4.18888717  1.42633727
 -4.23469637  2.18321893]
flag: 0.0, tau_net value: [ 5.55448771 -2.84972541 -3.98572142  1.09789195 -4.43307981  1.98064165
 -3.81196855  1.32417021]
flag: 0.0, tau_net value: [ 5.44166263 -3.11796372 -3.90736214  2.06378325 -4.56164668  1.76484141
 -3.5146773   1.89343703]
flag: 0.0, tau_net value: [ 5.32683504 -2.88648133 -3.8024756   1.62427427 -4.69127992  1.94319351
 -3.25852146  1.65950118]
  Rollout step: 12/500flag: 0.0, tau_net value: [11.50588133 -2.49156264 -2.64272679  1.85690163 -2.99278407  2.94007393
 -1.55191332  1.85592312]
flag: 0.0, tau_net value: [10.15532763 -3.09035848 -2.24772362  1.48662237 -4.3324779   3.03780009
 -2.5222376   2.44365266]
flag: 0.0, tau_net value: [ 9.4671699  -3.29239209 -2.3566673   1.67290602 -5.01325382  3.19362254
 -2.89407022  1.88678459]
flag: 0.0, tau_net value: [ 9.00869892 -3.35247498 -2.55007042  1.56073458 -5.47124889  3.08462134
 -3.14235215  2.10467435]
flag: 0.0, tau_net value: [ 8.7179697  -3.36983658 -2.78975948  1.60491239 -5.76418495  3.02837654
 -3.2370486   1.89881031]
  Rollout step: 13/500flag: 0.0, tau_net value: [ 4.36194941 -3.6743695  -4.90259956  1.56455359 -8.78848044  6.60650124
 -0.8674692   1.96611772]
flag: 0.0, tau_net value: [ 5.29642992 -5.69999268 -5.14768798  5.04271441 -7.86746199  3.88281316
 -0.6830711   6.43990836]
flag: 0.0, tau_net value: [ 5.86878127 -4.71306616 -5.31782562  3.24322432 -7.32004805  4.64569148
 -0.41410337  3.81991367]
flag: 0.0, tau_net value: [ 6.16629869 -5.07838202 -5.32889254  4.0600262  -7.03656443  4.08342066
 -0.59918712  5.3724237 ]
flag: 0.0, tau_net value: [ 6.40450578 -4.84889362 -5.32799483  3.68416949 -6.81528294  4.31524017
 -0.59627985  4.47574175]
  Rollout step: 14/500flag: 0.0, tau_net value: [  3.27388111 -11.7540257   -8.80303823   3.84882185  -1.444044
   2.69582548  -2.32874623   5.00484335]
flag: 0.0, tau_net value: [ 3.04702365 -7.41769847 -8.69621301  0.65069555 -1.74507739  6.51344249
 -2.43895611  3.18938719]
flag: 0.0, tau_net value: [ 2.99348268 -8.10337511 -8.0659157   2.84837315 -1.85277248  5.83327774
 -2.07420153  4.7315521 ]
flag: 0.0, tau_net value: [ 2.94195144 -7.43967256 -7.58345032  1.92483591 -1.95593661  6.20169403
 -1.65307195  3.92390577]
flag: 0.0, tau_net value: [ 2.91713087 -7.42600536 -7.20254168  2.48321795 -2.01655193  6.00347577
 -1.40030626  4.49394673]
  Rollout step: 15/500flag: 0.0, tau_net value: [  4.45504396  -2.88585072   0.05485592   2.31861296 -10.982785
   3.91612015   0.93842828   4.21467231]
flag: 0.0, tau_net value: [ 5.75010228 -3.12074937 -1.5660544   4.79760049 -9.60295313  3.18018729
  1.44060595  3.61766983]
flag: 0.0, tau_net value: [ 6.21807981 -2.74270021 -2.23240253  3.40553635 -9.09390462  2.92802506
  1.30208166  4.07008531]
flag: 0.0, tau_net value: [ 6.55021664 -3.02096589 -2.68961714  3.94711378 -8.72588788  2.78827592
  1.19834036  3.74561577]
flag: 0.0, tau_net value: [ 6.70069024 -3.05323328 -2.94483058  3.5683893  -8.55493274  2.75295537
  0.96861346  3.92270343]
  Rollout step: 16/500flag: 0.0, tau_net value: [ 3.94968522 -2.63132019 -3.72530509  3.67231812  1.44520349  3.78746278
 -2.83716647  3.78613509]
flag: 0.0, tau_net value: [ 3.14387894 -4.05383777 -2.73712024  3.02698645  0.57333691  2.85928645
 -2.69031379  3.52241348]
flag: 0.0, tau_net value: [ 2.7376043  -4.03269319 -2.54638456  3.15904523  0.13006291  3.04712811
 -2.67211163  3.46752471]
flag: 0.0, tau_net value: [ 2.48373737 -3.99638315 -2.45540936  3.15150799 -0.15253859  3.07344213
 -2.58857693  3.52821788]
flag: 0.0, tau_net value: [ 2.31898327 -3.95322941 -2.42407581  3.18587405 -0.33900049  3.07693724
 -2.47910482  3.51398803]
  Rollout step: 17/500flag: 0.0, tau_net value: [ 6.53944347 -3.66530704 -4.321952    3.18968628 -7.02721275  4.43638885
 -0.09187575  3.5470727 ]
flag: 0.0, tau_net value: [ 6.53679428 -4.46078925 -3.97964655  2.91111394 -7.00652807  3.81946703
 -0.25107904  3.83336887]
flag: 0.0, tau_net value: [ 6.61789214 -4.48564815 -3.95276312  2.90489222 -6.90549596  3.94904413
 -0.38780775  3.53034372]
flag: 0.0, tau_net value: [ 6.6802067  -4.54381259 -3.92587133  2.88371342 -6.83186156  3.91943503
 -0.5241403   3.70468392]
flag: 0.0, tau_net value: [ 6.74889931 -4.56284996 -3.91738593  2.8784929  -6.75697429  3.94392552
 -0.59277095  3.5890275 ]
  Rollout step: 18/500flag: 0.0, tau_net value: [ 5.49324347 -6.47277031 -6.00168131  2.86283625 -2.11563561 -0.97687958
 -5.3556385   3.65794323]
flag: 0.0, tau_net value: [ 5.05925778 -3.70113377 -5.88124082  2.0782592  -2.58774073  2.30675272
 -5.36615444  1.49997098]
flag: 0.0, tau_net value: [ 4.75716155 -4.15012389 -5.31079138  2.9450257  -2.9229257   1.96783382
 -5.17745804  3.23819318]
flag: 0.0, tau_net value: [ 4.63611811 -3.85997926 -4.98422138  2.64217429 -3.0670665   2.3923672
 -4.71388543  2.28168129]
flag: 0.0, tau_net value: [ 4.52285556 -3.88369279 -4.71619153  2.83305969 -3.19462781  2.31888485
 -4.47362246  2.97893422]
  Rollout step: 19/500flag: 0.0, tau_net value: [ 7.27878074 -3.71546133 -2.39693361  2.80460133 -8.41702327  4.44978207
  2.04313735  2.64016213]
flag: 0.0, tau_net value: [ 7.37354432 -3.96271398 -2.96207999  2.89651977 -8.26991402  4.02664202
  1.12690692  4.2586705 ]
flag: 0.0, tau_net value: [ 7.52859415 -4.05372172 -3.41763024  2.78285427 -8.08192758  4.12073819
  0.73122708  3.10095887]
flag: 0.0, tau_net value: [ 7.58372184 -4.23969537 -3.73439385  2.70489031 -8.01013887  3.87567154
  0.20549927  3.69050819]
flag: 0.0, tau_net value: [ 7.66867428 -4.32217519 -4.01747082  2.67462389 -7.91638692  3.88180796
 -0.0987909   3.21570403]
  Rollout step: 20/500flag: 0.0, tau_net value: [ 4.43300706 -7.50116535 -3.5453946   2.61506685 -2.78704224  4.14725057
 -0.67215062  3.43275094]
flag: 0.0, tau_net value: [ 4.47066778 -5.58053169 -4.29741601  1.72468061 -2.79057023  5.45690631
 -1.03040858  3.22366493]
flag: 0.0, tau_net value: [ 4.47402096 -5.81809899 -4.50990484  2.39014139 -2.82350171  5.07263357
 -1.12088769  3.48600473]
flag: 0.0, tau_net value: [ 4.43461053 -5.63259913 -4.66927125  2.06543404 -2.89856136  5.03986237
 -1.22615602  3.28879922]
flag: 0.0, tau_net value: [ 4.40346171 -5.64759844 -4.80061453  2.21982676 -2.95914322  4.89289529
 -1.35085022  3.37245394]
  Rollout step: 21/500flag: 0.0, tau_net value: [ 1.20306434 -0.03652325 -8.42274302  2.15327941 -3.48325627  4.385913
 -4.83677199  3.28916861]
flag: 0.0, tau_net value: [ 1.407124   -4.16656447 -6.76475254  3.36948738 -3.31544796  1.31406957
 -3.60506675  1.98908324]
flag: 0.0, tau_net value: [ 1.4897815  -3.61329938 -6.38956615  2.17186941 -3.24303494  1.79829904
 -3.56111443  2.51914073]
flag: 0.0, tau_net value: [ 1.67009474 -3.83555374 -6.11493822  2.81022297 -3.05839629  1.921177
 -3.31840266  2.29480696]
flag: 0.0, tau_net value: [ 1.76765708 -3.75832792 -5.86149978  2.51005972 -2.96071779  2.06028528
 -3.21190575  2.54588289]
  Rollout step: 22/500flag: 0.0, tau_net value: [ 8.89077587 -2.63450382 -5.92290071  2.66161557 -8.34875549  7.07990784
  1.59208343  2.46426553]
flag: 0.0, tau_net value: [ 8.32792123 -5.07032115 -5.44710533  2.18947576 -8.88161563  4.65067422
  1.25012681  3.89696058]
flag: 0.0, tau_net value: [ 8.11990735 -4.9381744  -5.78706354  1.98622847 -9.05718117  4.92265483
  1.01043124  2.5360848 ]
flag: 0.0, tau_net value: [ 7.92463583 -5.08993121 -6.01311098  2.00966421 -9.23646944  4.62822672
  0.61137114  3.2956828 ]
flag: 0.0, tau_net value: [ 7.83668156 -5.08710944 -6.23742782  1.96982286 -9.31562806  4.63880663
  0.46561516  2.71718977]
  Rollout step: 23/500flag: 0.0, tau_net value: [  7.39976951 -11.33210788  -7.11297579   1.94043473  -6.16186913
  -2.14644839  -4.46236668   3.02101546]
flag: 0.0, tau_net value: [ 7.3347983  -4.68937355 -8.32061975  0.31118111 -6.25008079  4.18638576
 -4.87170587  0.38481569]
flag: 0.0, tau_net value: [ 7.18533075 -5.57226018 -7.84369872  2.13717681 -6.43186526  3.31605529
 -4.68196817  2.86441991]
flag: 0.0, tau_net value: [ 7.12891684 -5.02984029 -7.58813927  1.37676015 -6.51702067  3.8316533
 -4.1420586   1.38298909]
flag: 0.0, tau_net value: [ 7.04002549 -5.11252354 -7.35092236  1.77674703 -6.6235217   3.62422321
 -3.98446548  2.45158823]
  Rollout step: 24/500flag: 0.0, tau_net value: [10.61905992 -1.90965366 -4.02590791  1.66805567 -6.97631176  5.37688167
 -1.85626413  1.85000307]
flag: 0.0, tau_net value: [10.18736503 -4.4104151  -3.64332554  2.47051059 -7.38617929  3.33036181
 -2.2305095   3.05003224]
flag: 0.0, tau_net value: [ 9.99516842 -4.17290748 -3.93607864  1.74156162 -7.56175246  3.69180056
 -2.50603854  1.91531108]
flag: 0.0, tau_net value: [ 9.85529665 -4.43535742 -4.17754969  2.02245396 -7.6905362   3.44562505
 -2.85925902  2.54003526]
flag: 0.0, tau_net value: [ 9.78214512 -4.42425576 -4.41671591  1.86207531 -7.75856683  3.49362354
 -2.99546808  2.05626446]
  Rollout step: 25/500flag: 0.0, tau_net value: [  0.01992611  -8.03513367 -10.18002273   1.89294324  -6.26321742
   1.65038967  -1.04473613   2.31150454]
flag: 0.0, tau_net value: [  0.58639927  -5.4088884  -10.3962118    0.65825277  -5.74046271
   4.08012084  -1.30242592   1.61957451]
flag: 0.0, tau_net value: [  1.00842386  -5.85574626 -10.01320278   1.62109673  -5.35491696
   3.82574355  -1.28842659   2.38765905]
flag: 0.0, tau_net value: [ 1.31983741 -5.63597702 -9.7303348   1.19296636 -5.07669525  4.0852635
 -1.21036511  1.97015042]
flag: 0.0, tau_net value: [ 1.55813265 -5.70400769 -9.49407317  1.41007853 -4.86133352  4.06579389
 -1.23837083  2.29995136]
  Rollout step: 26/500flag: 0.0, tau_net value: [ 6.08447309 -3.54959896 -3.85437594  1.32798702 -6.49352924  5.977395
 -2.8363746   2.1341204 ]
flag: 0.0, tau_net value: [ 6.44107326 -4.86028571 -4.60739716  2.10221965 -6.11546023  3.95372715
 -2.14434593  1.86968482]
flag: 0.0, tau_net value: [ 6.44859397 -4.46786269 -5.25169796  1.38553608 -6.096838    3.75442878
 -2.15544795  1.92417328]
flag: 0.0, tau_net value: [ 6.4079966  -4.56282309 -5.66576822  1.6655526  -6.12625535  3.52121579
 -2.19307572  1.84373338]
flag: 0.0, tau_net value: [ 6.31796927 -4.52035798 -5.9471042   1.48415264 -6.21288195  3.42406728
 -2.29675742  1.86050625]
  Rollout step: 27/500flag: 0.0, tau_net value: [  0.36559984  -6.43641964 -13.50883049   1.53624664  -6.00208131
   7.10372301   1.01769464   1.80857301]
flag: 0.0, tau_net value: [  0.32885156  -7.76750965 -12.41654888   0.37057665  -6.11405684
   5.7107339    1.0215265    2.91200287]
flag: 0.0, tau_net value: [  0.51422696  -7.68706435 -12.14815816   0.71705962  -5.96418776
   5.98405136   1.11705356   1.99712818]
flag: 0.0, tau_net value: [  0.60716841  -7.61322013 -11.88519367   0.58663057  -5.90934575
   5.90274141   0.98487921   2.64659501]
flag: 0.0, tau_net value: [  0.74238581  -7.55057374 -11.7060156    0.69442973  -5.8047815
   5.96024164   1.03452536   2.2263185 ]
  Rollout step: 28/500flag: 0.0, tau_net value: [ 5.99567468 -3.36826384 -2.41136439  0.65996203 -6.59191174  3.69983464
 -1.29505414  2.52376336]
flag: 0.0, tau_net value: [ 6.22888029 -3.3926793  -3.67144638  2.01294981 -6.2850378   3.59748139
 -1.0550367   0.78307002]
flag: 0.0, tau_net value: [ 6.0783637  -3.29429501 -4.32608285  1.25957015 -6.40161213  3.21573589
 -1.43768723  1.94241987]
flag: 0.0, tau_net value: [ 6.02162481 -3.45556351 -4.85563963  1.54100426 -6.42373964  3.1751862
 -1.47610362  1.06221387]
flag: 0.0, tau_net value: [ 5.88273594 -3.5180781  -5.22343875  1.31237506 -6.54301525  3.02138958
 -1.75333955  1.59327054]
  Rollout step: 29/500flag: 0.0, tau_net value: [ 1.02457523 -4.12498908 -9.36326612  1.37364838 -4.49215154  8.82621095
 -4.56950402  1.17446902]
flag: 0.0, tau_net value: [ 1.58723282 -6.98403765 -8.74411524  0.750836   -4.01671319  4.88898915
 -2.9800809   1.57858539]
flag: 0.0, tau_net value: [ 1.86967263 -6.34555082 -8.93254567  0.41736126 -3.77204347  4.96124969
 -2.51164201  1.18999434]
flag: 0.0, tau_net value: [ 1.97126993 -6.26388481 -8.91171086  0.62390887 -3.69931189  4.7494702
 -2.30142779  1.58593781]
flag: 0.0, tau_net value: [ 2.01409955 -6.09750771 -8.86087317  0.56743466 -3.68124532  4.73540052
 -2.09305641  1.38102752]
  Rollout step: 30/500flag: 0.0, tau_net value: [12.86992201 -6.64588278 -6.95054267  0.62054298 -9.73978655  1.13725151
  0.14283302  1.56856852]
flag: 0.0, tau_net value: [ 11.89299414  -4.36310817  -6.99068989  -0.04313158 -10.65015534
   4.55090468  -1.45505417   1.03735744]
flag: 0.0, tau_net value: [ 11.46186013  -5.11843986  -6.73232851   0.75839077 -11.0390825
   4.52592298  -1.99613777   1.40697321]
flag: 0.0, tau_net value: [ 11.25334354  -5.11582759  -6.72981799   0.36798294 -11.22308345
   4.76028513  -2.23514614   1.03665184]
flag: 0.0, tau_net value: [ 11.15174395  -5.28123398  -6.79768865   0.52334229 -11.30551992
   4.72956493  -2.42143662   1.21951163]
  Rollout step: 31/500flag: 0.0, tau_net value: [  0.50004858  -6.18730353 -11.76682877   0.43622571  -5.83424858
   5.8257385   -0.15103768   1.06057615]
flag: 0.0, tau_net value: [  0.70589101  -6.78966195 -11.17185443  -0.0282999   -5.69806396
   5.22390756  -0.14511182   1.62002255]
flag: 0.0, tau_net value: [  0.95368131  -6.73891125 -10.9517215    0.09721664  -5.49571985
   5.3806844   -0.09438365   1.19174372]
flag: 0.0, tau_net value: [  1.11923128  -6.70558466 -10.75244251   0.05730081  -5.37075206
   5.36658668  -0.17526319   1.5279983 ]
flag: 0.0, tau_net value: [  1.27765121  -6.67123406 -10.60425894   0.10175423  -5.24480151
   5.41405057  -0.16358207   1.31914654]
  Rollout step: 32/500flag: 0.0, tau_net value: [ 6.83590793 -4.72411629  0.18213102  0.08943685 -3.93126047 -1.6714537
 -7.2759237   1.48497616]
flag: 0.0, tau_net value: [ 7.20645748 -1.22379171 -1.89997992  0.96450539 -3.48972994  1.5460006
 -6.78532653 -2.24292304]
flag: 0.0, tau_net value: [ 6.98265183 -1.54436781 -2.31593659  0.99303167 -3.68773081  0.7191649
 -7.06348071  0.80604943]
flag: 0.0, tau_net value: [ 6.92683779 -1.46252389 -2.73507009  0.97435837 -3.70803805  1.01426552
 -6.56424666 -1.31717528]
flag: 0.0, tau_net value: [ 6.71478556 -1.58276121 -2.97270012  0.88731968 -3.89338054  0.78013765
 -6.7712637   0.22501548]
  Rollout step: 33/500flag: 0.0, tau_net value: [  8.20239485  -1.5935517  -13.44618348   0.93154046  -6.36433478
   6.71946256  -1.10820021  -0.83824251]
flag: 0.0, tau_net value: [  6.86191191  -6.24273433 -10.46161046  -0.23895711  -7.75329505
   3.4363559   -1.90382753   2.47242238]
flag: 0.0, tau_net value: [ 6.59381998 -6.06708663 -9.8948148  -0.23148017 -8.0162192   4.54209307
 -1.80782505 -0.45869183]
flag: 0.0, tau_net value: [ 6.37465354 -6.24236867 -9.47260498 -0.20886407 -8.24700544  4.37504077
 -2.30363543  1.58639777]
flag: 0.0, tau_net value: [ 6.40807664 -6.18120796 -9.28960225 -0.13165171 -8.21749051  4.66392456
 -2.06581051  0.12167436]
  Rollout step: 34/500flag: 0.0, tau_net value: [  2.13216496 -10.13725216  -4.72078925  -0.18087074  -6.93717641
  -0.3213395   -3.20218027   1.18373691]
flag: 0.0, tau_net value: [ 3.23833926 -3.96754939 -7.34995064 -1.0819108  -5.81950301  4.41471977
 -2.97303168 -1.77057111]
flag: 0.0, tau_net value: [ 3.56708775 -4.61493717 -7.62041203  0.10397048 -5.50171461  3.2697533
 -3.04876326  0.95289452]
flag: 0.0, tau_net value: [ 3.79700316 -4.23065832 -7.83648743 -0.45153765 -5.28009696  3.55039622
 -2.60754562 -0.91236724]
flag: 0.0, tau_net value: [ 3.83369193 -4.34811041 -7.88851632 -0.25586119 -5.25106829  3.26485757
 -2.80931897  0.46712073]
  Rollout step: 35/500flag: 0.0, tau_net value: [  4.8839328    2.19311169 -11.58895203  -0.31861275  -6.23253789
  12.01993575  -3.44442385  -0.5008206 ]
flag: 0.0, tau_net value: [ 4.65085125 -6.91363848 -8.85615346  0.7922564  -6.50934008  3.58323121
 -2.14342167  1.50263995]
flag: 0.0, tau_net value: [ 4.66697073 -5.64611153 -9.01994762 -1.18111952 -6.4975763   4.61129165
 -2.00611414 -0.62645114]
flag: 0.0, tau_net value: [ 4.66010649 -6.0878529  -8.98283768 -0.26146676 -6.50089567  4.17523994
 -2.30498648  0.88960343]
flag: 0.0, tau_net value: [ 4.70215184 -5.88268474 -8.99081175 -0.66261339 -6.46331432  4.37240202
 -2.1572697  -0.2184502 ]
  Rollout step: 36/500flag: 0.0, tau_net value: [ -0.66404535 -12.17276824  -4.18544152  -0.51303005  -7.00055981
   0.6118836   -5.641872     0.57072733]
flag: 0.0, tau_net value: [ 1.22649044 -4.62978686 -7.80550423 -1.89590294 -5.11447685  5.32848031
 -4.46273672 -2.82559926]
flag: 0.0, tau_net value: [ 1.83859603 -5.16469293 -8.32863718 -0.43434491 -4.52115629  3.7501337
 -4.16982616  0.53627393]
flag: 0.0, tau_net value: [ 2.18179047 -4.57333046 -8.62747735 -1.10691698 -4.19572599  3.96666002
 -3.35988273 -1.71461709]
flag: 0.0, tau_net value: [ 2.2320522  -4.62868184 -8.67482411 -0.85406684 -4.15623535  3.58468852
 -3.47274788  0.05404199]
  Rollout step: 37/500flag: 0.0, tau_net value: [  8.84731938  -2.01397865 -19.29826128  -0.9147827   -4.88111391
   5.93781234   0.60195064  -1.17805384]
flag: 0.0, tau_net value: [  6.60661556  -8.37907678 -12.93585715  -3.65303359  -7.42590174
   3.83105083  -1.14972435   1.70839939]
flag: 0.0, tau_net value: [  6.00717913  -7.74130485 -12.92836561  -0.49159356  -7.92999872
   5.90992492  -1.39460688  -1.2141419 ]
flag: 0.0, tau_net value: [  5.39783224  -7.59933202 -12.45284134  -1.70612233  -8.52514763
   5.79207672  -2.04851582   0.98943922]
flag: 0.0, tau_net value: [  5.26050383  -7.73566281 -12.26861708  -1.13703512  -8.63589867
   5.94511243  -1.72518671  -0.75343524]
  Rollout step: 38/500flag: 0.0, tau_net value: [ 5.06046324 -7.02733131 -1.95447438 -1.47749753 -9.92403993  4.82101399
 -0.16653923  0.52945231]
flag: 0.0, tau_net value: [ 6.22222121 -4.20153722 -5.14312187 -1.07232949 -8.67392414  5.80467877
  0.24139922 -1.58085831]
flag: 0.0, tau_net value: [ 6.44489304 -4.33243664 -6.34409619 -1.1954723  -8.41254149  4.70448034
 -0.17868981  0.1754054 ]
flag: 0.0, tau_net value: [ 6.54905062 -4.30418045 -7.16288161 -1.30576846 -8.27582534  4.53100217
 -0.17622627 -1.25931966]
flag: 0.0, tau_net value: [ 6.46945424 -4.41830405 -7.67215737 -1.41998039 -8.33985752  4.18522896
 -0.66874374 -0.32183325]
  Rollout step: 39/500flag: 0.0, tau_net value: [  4.2902497   -5.31874212 -15.69904756  -1.43266481  -7.91627439
   3.87913585  -1.09310219  -1.14568023]
flag: 0.0, tau_net value: [  3.58438871  -6.34955605 -14.08466372  -1.94910908  -8.6615824
   3.89067929  -1.4372204   -0.51286068]
flag: 0.0, tau_net value: [  3.4141484   -6.42393375 -13.40968002  -1.71605061  -8.84895779
   4.38353451  -1.34909436  -1.08696837]
flag: 0.0, tau_net value: [  3.3513111   -6.41734574 -12.96631206  -1.75425325  -8.92901132
   4.5313226   -1.3588216   -0.59475837]
flag: 0.0, tau_net value: [  3.38854922  -6.39093381 -12.68016439  -1.67673857  -8.90154627
   4.68006182  -1.17880943  -0.89432297]
  Rollout step: 40/500flag: 0.0, tau_net value: [  4.7420902   -7.32412022 -10.11540144  -1.68924976  -8.63457184
   4.81408032  -3.61655806  -0.5948333 ]
flag: 0.0, tau_net value: [  5.172024    -6.20357209 -10.78482454  -2.44332561  -8.21307895
   5.05967799  -2.74344712  -2.34113647]
flag: 0.0, tau_net value: [  5.24350503  -6.22518598 -10.93476873  -2.09954019  -8.14658298
   4.58272385  -2.72352488  -0.82204733]
flag: 0.0, tau_net value: [  5.29970796  -6.02812746 -11.0087211   -2.22155415  -8.09280137
   4.64631796  -2.33079029  -1.87924127]
flag: 0.0, tau_net value: [  5.24999675  -6.00433521 -10.99092716  -2.18587973  -8.14824177
   4.48106485  -2.39028736  -1.01758792]
  Rollout step: 41/500flag: 0.0, tau_net value: [  5.59013467  -5.786124   -11.5833894   -2.167372    -5.72542374
  -0.68027524  -1.29574138  -1.63475199]
flag: 0.0, tau_net value: [  4.61325024  -3.90180607 -11.07627581  -2.56599953  -6.68774937
   2.53582369  -2.56534906  -1.92298412]
flag: 0.0, tau_net value: [  4.21481482  -4.53015949 -10.50040112  -1.87700542  -7.0763318
   2.74223254  -2.86232705  -1.75907882]
flag: 0.0, tau_net value: [  4.03999746  -4.5215126  -10.25615514  -2.1650117   -7.24704312
   3.03336721  -2.93274358  -1.93380096]
flag: 0.0, tau_net value: [  3.97711157  -4.63587093 -10.13612249  -2.01913769  -7.30177664
   3.1049889   -2.9564302   -1.80609372]
  Rollout step: 42/500flag: 0.0, tau_net value: [ -3.12275453 -10.13880891 -10.07804498  -2.07833193 -10.1291481
   9.39646443  -1.91338601  -1.87761709]
flag: 0.0, tau_net value: [ -0.9457224   -8.65452824 -12.21164644  -3.28023891  -8.01998086
   7.50941723  -0.26833827  -1.3290901 ]
flag: 0.0, tau_net value: [  0.07748294  -8.24348377 -13.09074393  -2.9223523   -7.03948985
   6.62321912   0.41409055  -1.28470443]
flag: 0.0, tau_net value: [  0.53249319  -7.8994211  -13.41169388  -3.14914799  -6.63014482
   6.2492366    0.60022817  -1.12173565]
flag: 0.0, tau_net value: [  0.77945482  -7.77439189 -13.52033059  -3.0534299   -6.42313799
   6.03401215   0.66866622  -1.19206807]
  Rollout step: 43/500flag: 0.0, tau_net value: [  9.16425441   1.94177896 -10.04842042  -3.09040726  -4.3238727
   0.69256244  -3.67386059  -1.12586208]
flag: 0.0, tau_net value: [ 7.50934811 -2.19163001 -7.62852618 -1.48980683 -5.89001525  0.08328112
 -4.36384146 -3.49662291]
flag: 0.0, tau_net value: [ 6.67211588 -2.27675242 -7.01591012 -2.62687157 -6.67820043  0.95443115
 -5.46276046 -2.25684724]
flag: 0.0, tau_net value: [ 6.44208777 -2.79386605 -6.86484823 -2.04551912 -6.84457072  1.34776765
 -5.53837086 -3.44048228]
flag: 0.0, tau_net value: [ 6.26559263 -2.93227647 -6.8283701  -2.38126651 -6.97920881  1.49095162
 -5.90502602 -2.5868812 ]
  Rollout step: 44/500flag: 0.0, tau_net value: [ 4.9084239  -2.93376196 -5.23677354 -2.24900591 -7.61996485  8.32392548
 -4.07150783 -3.28409263]
flag: 0.0, tau_net value: [ 5.6554951  -5.00979898 -6.13168974 -2.52552881 -6.90207533  4.45347408
 -3.12588453 -1.86316258]
flag: 0.0, tau_net value: [ 5.96135692 -4.43363143 -7.13071751 -2.99968842 -6.60151817  4.18899834
 -2.80225999 -2.97383899]
flag: 0.0, tau_net value: [ 5.97760767 -4.45220639 -7.65845985 -2.87632773 -6.59381026  3.72490476
 -3.06558501 -2.10832683]
flag: 0.0, tau_net value: [ 5.96660737 -4.37998757 -8.03458954 -2.95750314 -6.61390749  3.61662839
 -3.0438802  -2.83921551]
  Rollout step: 45/500flag: 0.0, tau_net value: [ 5.92949554 -5.84944757 -9.46363757 -2.96603083 -3.97300506 -0.24108516
 -4.51027507 -2.3243878 ]
flag: 0.0, tau_net value: [ 5.22222668 -3.55415961 -9.2596687  -4.01316691 -4.69817974  2.69793422
 -4.85586792 -4.20055125]
flag: 0.0, tau_net value: [ 4.82210026 -4.10471185 -8.79698492 -3.09114315 -5.11167018  2.54956834
 -5.10787182 -2.68580664]
flag: 0.0, tau_net value: [ 4.65139693 -3.91123074 -8.62630437 -3.41436192 -5.29397085  2.88023859
 -4.7632689  -3.83909407]
flag: 0.0, tau_net value: [ 4.498655   -3.96680619 -8.51627041 -3.24451496 -5.452813    2.80941246
 -4.83954037 -2.87530692]
  Rollout step: 46/500flag: 0.0, tau_net value: [  5.18936378  -7.45196158 -10.38209974  -3.25918863  -8.91050614
   3.06168218  -2.45305109  -3.58066498]
flag: 0.0, tau_net value: [  5.44352266  -5.51738719 -10.68954832  -4.60389566  -8.65404285
   4.5016093   -3.03062579  -2.67548387]
flag: 0.0, tau_net value: [  5.73154093  -5.88273414 -10.57141256  -3.70776023  -8.35747267
   4.34496459  -2.84308523  -3.33994787]
flag: 0.0, tau_net value: [  5.84666681  -5.70361762 -10.44924126  -4.14714875  -8.25337052
   4.35405331  -3.0063228   -2.77315461]
flag: 0.0, tau_net value: [  5.99459681  -5.73835726 -10.36755427  -3.91786844  -8.11147098
   4.35548767  -2.90495492  -3.22546172]
  Rollout step: 47/500flag: 0.0, tau_net value: [ 11.88707418  -4.33676396 -15.03069624  -4.02494088  -9.77866835
   4.47411551  -0.10941155  -2.84526759]
flag: 0.0, tau_net value: [ 10.30974147  -6.3567182  -12.95961251  -4.73221101 -11.34353273
   4.1392413   -0.87836696  -2.76935248]
flag: 0.0, tau_net value: [  9.65804126  -6.50675161 -12.34367475  -4.52596835 -11.97483375
   4.68312929  -1.14587323  -3.25115826]
flag: 0.0, tau_net value: [  9.30932804  -6.55374083 -12.02696879  -4.53256966 -12.31584492
   4.80780198  -1.30278845  -2.96032718]
flag: 0.0, tau_net value: [  9.14230199  -6.54164227 -11.87063292  -4.47378541 -12.47820636
   4.87760713  -1.23331489  -3.21719601]
  Rollout step: 48/500flag: 0.0, tau_net value: [  7.77211487  -2.31117303 -11.01399417  -4.47641808 -12.32374361
   7.55454707   0.20397844  -2.99818033]
flag: 0.0, tau_net value: [  7.89840044  -5.65239    -10.4543665   -4.04267309 -12.18204096
   4.33323239   0.74970337  -3.21167554]
flag: 0.0, tau_net value: [  7.94538938  -5.21451707 -10.76893925  -4.87537979 -12.12111687
   4.48911059   0.49221476  -3.24358535]
flag: 0.0, tau_net value: [  8.00092823  -5.41075746 -10.9438704   -4.51187772 -12.05086015
   4.32510656   0.35395198  -3.30833833]
flag: 0.0, tau_net value: [  8.00781589  -5.37718002 -11.05792148  -4.72011751 -12.0414462
   4.29090458   0.19788391  -3.31102514]
  Rollout step: 49/500flag: 0.0, tau_net value: [  1.46816471 -10.42146881 -13.06654478  -4.64807489  -8.78542737
   6.16687325  -2.14483209  -3.36628064]
flag: 0.0, tau_net value: [  2.29621273  -7.85239404 -14.11201528  -6.4028707   -8.06609293
   6.67796664  -0.79160721  -4.68952985]
flag: 0.0, tau_net value: [  2.58342471  -7.82504575 -14.23848498  -5.43244014  -7.85057448
   5.91953102  -0.38634431  -3.16273965]
flag: 0.0, tau_net value: [  2.70088508  -7.33907303 -14.20482956  -5.79151613  -7.79612325
   5.89471495   0.22720517  -4.14624638]
flag: 0.0, tau_net value: [  2.68791651  -7.20626186 -14.07477517  -5.58707428  -7.86138013
   5.65105691   0.27648673  -3.20973416]
  Rollout step: 50/500flag: 0.0, tau_net value: [ 7.70469925 -4.97190238 -8.37933113 -5.58962437 -7.26223316 -1.06293341
  0.22328217 -3.88548778]
flag: 0.0, tau_net value: [ 7.02965755 -2.7906697  -8.40494591 -5.55757637 -7.86148713  2.58397251
 -1.45709582 -4.60360006]
flag: 0.0, tau_net value: [ 6.77313697 -3.55192634 -8.03082348 -5.04833537 -8.08241933  2.68651952
 -2.08845929 -4.31094563]
flag: 0.0, tau_net value: [ 6.71659295 -3.65527746 -7.95609458 -5.31615406 -8.11857886  2.95017925
 -2.33750076 -4.74503308]
flag: 0.0, tau_net value: [ 6.72259189 -3.83942551 -7.95979866 -5.22805159 -8.09672332  2.99053442
 -2.59372269 -4.4947928 ]
  Rollout step: 51/500flag: 0.0, tau_net value: [ 2.65520483 -1.36914999 -7.85793138 -5.28923429 -4.85628239  6.53879592
 -6.64013076 -4.7532303 ]
flag: 0.0, tau_net value: [ 3.23798479 -4.34826186 -7.83507719 -5.21023463 -4.35036404  2.42565901
 -4.23491883 -6.66688519]
flag: 0.0, tau_net value: [ 3.25966701 -3.56370529 -8.34870171 -5.99832231 -4.37170002  2.18136192
 -4.15681846 -4.80869716]
flag: 0.0, tau_net value: [ 3.29354529 -3.52957575 -8.60652068 -5.54479536 -4.34961164  2.04865528
 -3.48144326 -6.17262938]
flag: 0.0, tau_net value: [ 3.13489072 -3.37381131 -8.69956871 -5.78704952 -4.52537162  1.88048221
 -3.59085742 -4.91140957]
  Rollout step: 52/500flag: 0.0, tau_net value: [ 9.9093945  -7.05411629 -7.64060561 -5.62038124 -7.87865458 -0.74926461
 -1.74483499 -5.90436329]
flag: 0.0, tau_net value: [ 9.09386101 -2.97369374 -8.67457654 -7.09714558 -8.63441154  2.95833965
 -2.84014749 -5.43190968]
flag: 0.0, tau_net value: [ 8.64392202 -3.69058709 -8.71405134 -5.70346237 -9.03520549  2.58167498
 -2.6374733  -5.84374242]
flag: 0.0, tau_net value: [ 8.22735309 -3.41740887 -8.83826654 -6.36354051 -9.43005785  2.63491145
 -2.69641401 -5.48455154]
flag: 0.0, tau_net value: [ 7.97731756 -3.5005545  -9.00145465 -6.01742045 -9.65176474  2.55896145
 -2.51871675 -5.80254177]
  Rollout step: 53/500flag: 0.0, tau_net value: [ -7.65385499  -6.19666625 -17.91304965  -6.16517622  -7.14682019
   4.49076787  -1.57024176  -5.50658786]
flag: 0.0, tau_net value: [ -5.79058581  -7.57037402 -14.64033667  -8.63616452  -5.7809048
   3.66492077  -0.78970956  -5.84776787]
flag: 0.0, tau_net value: [ -4.67686681  -6.56162423 -15.32834338  -6.75981189  -4.62161404
   4.21410593  -0.63663336  -5.33445751]
flag: 0.0, tau_net value: [ -4.05309538  -6.36411274 -14.93100178  -7.62245157  -4.04810478
   4.09581033  -0.38814663  -5.46360499]
flag: 0.0, tau_net value: [ -3.61941989  -6.3186232  -14.75377049  -7.074841    -3.61959494
   4.03604635  -0.2905295   -5.27588292]
  Rollout step: 54/500flag: 0.0, tau_net value: [-1.22009165e-02 -1.04489983e+01 -1.59063537e+01 -7.32807574e+00
 -6.93578301e+00  6.95606797e+00  4.56829886e+00 -5.34049154e+00]
flag: 0.0, tau_net value: [ -0.34112589  -8.79201891 -16.34546333  -8.94778294  -7.30684244
   7.61214661   3.91051269  -4.09996008]
flag: 0.0, tau_net value: [ -0.42051429  -9.0245169  -16.42314353  -8.00180352  -7.41481119
   7.23362551   4.16684274  -5.26184079]
flag: 0.0, tau_net value: [ -0.60017102  -8.7360779  -16.37928475  -8.48561971  -7.64990848
   7.01366436   3.83839626  -4.30545947]
flag: 0.0, tau_net value: [ -0.62680772  -8.68077505 -16.33236152  -8.21491184  -7.72462699
   6.87074691   4.00560417  -5.18722724]
  Rollout step: 55/500flag: 0.0, tau_net value: [ -0.64156853  -5.39997294 -12.39898529  -8.34740961  -5.58961887
   0.42509993   1.91645916  -4.46168874]
flag: 0.0, tau_net value: [ -1.07550079  -3.66347397 -13.14062745  -7.81073459  -5.95514763
   2.46908288   2.4435122   -8.09255836]
flag: 0.0, tau_net value: [ -1.64303309  -3.88306178 -13.14132825  -7.83482719  -6.50130805
   2.10235745   1.72738118  -4.94447239]
flag: 0.0, tau_net value: [ -1.83195457  -3.86575287 -13.28685689  -7.74810635  -6.65523298
   2.33007424   2.45932794  -7.6569428 ]
flag: 0.0, tau_net value: [ -2.14732172  -3.8944026  -13.32774573  -7.87772843  -6.95608079
   2.14751096   1.92447664  -5.30003808]
  Rollout step: 56/500flag: 0.0, tau_net value: [  1.29973294  -3.13185465  -8.87877133  -7.75279862 -10.81068657
  10.52983003   0.85383932  -7.31596001]
flag: 0.0, tau_net value: [ 2.55418498 -6.58602591 -9.15070008 -8.43685093 -9.61478553  5.27522557
  2.01427938 -5.61581564]
flag: 0.0, tau_net value: [  3.26552732  -5.86857968 -10.02618241  -8.9920353   -8.92059639
   5.08631951   2.43198018  -6.9351846 ]
flag: 0.0, tau_net value: [  3.55299382  -5.88569498 -10.3814774   -8.83575752  -8.65604562
   4.62376164   2.07682652  -5.74776254]
flag: 0.0, tau_net value: [  3.76231939  -5.7928966  -10.59431509  -8.93584893  -8.46993463
   4.53782201   2.20275206  -6.80892217]
  Rollout step: 57/500flag: 0.0, tau_net value: [ 1.02624815e+00 -2.24904558e+00 -1.05614114e+01 -8.95435385e+00
 -7.36867855e+00 -8.60528183e-03  5.09483755e-01 -5.93995335e+00]
flag: 0.0, tau_net value: [  0.78771408  -2.07376332 -10.47856331  -8.51220547  -7.60640893
   0.89916055   1.23157745  -9.13346407]
flag: 0.0, tau_net value: [  0.45344658  -2.17314537 -10.32635832  -8.719253    -7.95508443
   0.86628941   0.57631071  -6.30602808]
flag: 0.0, tau_net value: [  0.43636949  -2.24767556 -10.36621002  -8.50907907  -7.95776875
   1.15410309   1.29877936  -8.76004057]
flag: 0.0, tau_net value: [  0.25950261  -2.28371974 -10.35426199  -8.69076166  -8.13161396
   1.0886298    0.81407737  -6.53788215]
  Rollout step: 58/500flag: 0.0, tau_net value: [  5.74661948  -2.01048851 -11.43144188  -8.5325726   -9.19062358
   1.53617137   2.10589271  -8.45276574]
flag: 0.0, tau_net value: [  4.87901783  -2.81113843 -10.27021086  -9.93767804 -10.09531343
   1.46844092   1.23930738  -6.94213663]
flag: 0.0, tau_net value: [  4.67618853  -3.09320639  -9.9954057   -9.26299366 -10.29932914
   1.83198397   1.44993576  -8.55542534]
flag: 0.0, tau_net value: [  4.47429639  -3.06913347  -9.82555756  -9.59110289 -10.51985972
   1.89256384   1.0110109   -7.16335023]
flag: 0.0, tau_net value: [  4.47395368  -3.14176021  -9.79986199  -9.3672555  -10.52234968
   2.01161857   1.33767289  -8.42190866]
  Rollout step: 59/500flag: 0.0, tau_net value: [  5.50162422  -4.15885047  -3.62242395  -9.50932989 -12.22713066
   5.01212342  -0.55203978  -7.27800292]
flag: 0.0, tau_net value: [  6.87665044  -4.65438554  -5.26480968  -5.15685362 -10.75286621
   3.56803517  -0.44402636  -4.09805887]
flag: 0.0, tau_net value: [  7.43137522  -3.74402274  -5.88462103  -7.18165186 -10.16396553
   3.55679547   0.37500678  -6.42434807]
flag: 0.0, tau_net value: [ 7.64961007 -4.00803605 -6.17299508 -6.38202959 -9.90811216  3.0635321
 -0.07176176 -4.27942145]
flag: 0.0, tau_net value: [ 7.82991825 -3.83722179 -6.3511544  -6.73878866 -9.69990754  3.15599538
  0.3923943  -6.1292203 ]
  Rollout step: 60/500flag: 0.0, tau_net value: [  5.21113483  -1.30853399 -12.54324529  -6.65412886  -6.5413132
   3.07831464   2.34905652  -4.46362618]
flag: 0.0, tau_net value: [ 4.0140703  -4.26810764 -9.97083497 -7.21276893 -7.75411255  2.12746156
  2.02537944 -5.32351271]
flag: 0.0, tau_net value: [ 3.58396577 -4.29210732 -9.23317385 -7.14240868 -8.18431996  2.80653869
  1.54153821 -4.96656762]
flag: 0.0, tau_net value: [ 3.46024753 -4.38684235 -8.81529355 -7.02621153 -8.31185908  3.0452982
  1.5619574  -5.39229946]
flag: 0.0, tau_net value: [ 3.4124705  -4.38182718 -8.55306681 -7.04466049 -8.37002161  3.12746655
  1.46107236 -5.01249659]
  Rollout step: 61/500flag: 0.0, tau_net value: [  6.01201016  -8.25730628  -5.83203355  -6.99185266 -10.27776681
   4.51653156   0.33356792  -5.33089819]
flag: 0.0, tau_net value: [ 6.76380302 -6.36845373 -7.19582924 -4.94749134 -9.55397438  5.21497469
  0.16794165 -2.45776725]
flag: 0.0, tau_net value: [ 7.08611655 -5.9765284  -7.37448118 -5.52940714 -9.26941237  5.01812089
  1.18502432 -4.58366947]
flag: 0.0, tau_net value: [ 7.12218363 -5.89347382 -7.37134364 -5.33767293 -9.26961348  4.70126246
  0.87688565 -2.46012658]
flag: 0.0, tau_net value: [ 7.23117282 -5.7387393  -7.34881696 -5.33101403 -9.18101132  4.74750881
  1.51182491 -4.27383783]
  Rollout step: 62/500flag: 0.0, tau_net value: [  2.39815655  -9.00822644 -11.13803823  -5.36838309  -9.3778526
   3.29410056   3.83018297  -2.52986628]
flag: 0.0, tau_net value: [  2.5302278   -6.83477647 -11.14714755  -6.13399196  -9.28648455
   5.3158865    3.77321922  -3.30116259]
flag: 0.0, tau_net value: [  2.64660291  -7.11156861 -10.7037111   -5.39834145  -9.20988705
   5.15846454   3.73828319  -2.51035209]
flag: 0.0, tau_net value: [  2.77182065  -6.89111228 -10.38462861  -5.67853031  -9.12807083
   5.29829812   4.01147675  -3.11987375]
flag: 0.0, tau_net value: [  2.85991823  -6.85215969 -10.12427248  -5.49807863  -9.07972479
   5.25114855   3.95191852  -2.48039841]
  Rollout step: 63/500flag: 0.0, tau_net value: [  3.16970842  -3.14649941 -10.2995518   -5.5143616   -4.85637924
   1.9890012    0.63743977  -2.99220192]
flag: 0.0, tau_net value: [ 2.42084972 -4.57838933 -8.73884346 -5.23350691 -5.61161707  1.77153326
  1.18774171 -4.70821905]
flag: 0.0, tau_net value: [ 2.00567624 -4.45154602 -8.08352718 -5.41770402 -6.04091924  2.15081903
  0.87026814 -3.13687651]
flag: 0.0, tau_net value: [ 1.91008282 -4.47256661 -7.701172   -5.14316395 -6.13206412  2.38546652
  1.47547181 -4.52731513]
flag: 0.0, tau_net value: [ 1.77701408 -4.39177474 -7.38106711 -5.26329932 -6.27395417  2.41846422
  1.30245064 -3.09640551]
  Rollout step: 64/500flag: 0.0, tau_net value: [ 4.08720137 -5.05876834  4.64019223 -5.10610424 -7.72614933  7.53747869
  4.88748681 -4.32337034]
flag: 0.0, tau_net value: [ 5.33939944 -4.20632838  1.79976702 -4.88543531 -6.50834694  5.63032224
  4.83469857 -1.650651  ]
flag: 0.0, tau_net value: [ 5.84629716 -3.86863604  0.28973369 -5.21427529 -6.01610847  4.7683273
  5.47367692 -3.90476824]
flag: 0.0, tau_net value: [ 5.85093002 -3.79701104 -0.57272451 -5.32971486 -6.03985756  4.09049709
  4.67655346 -1.82043271]
flag: 0.0, tau_net value: [ 5.88707546 -3.76881467 -1.19611633 -5.30144059 -6.01824612  3.85426079
  4.98745756 -3.93087017]
  Rollout step: 65/500flag: 0.0, tau_net value: [ 4.27946745 -5.43926341 -9.71687222 -5.44432157 -7.18676555  2.08784757
 -0.4221124  -2.07044534]
flag: 0.0, tau_net value: [ 4.0006901  -5.80706708 -8.58959404 -4.00649433 -7.44295955  2.69180612
  0.67143962 -4.04332902]
flag: 0.0, tau_net value: [ 3.72190158 -5.50514733 -7.77545062 -4.56117673 -7.7352048   3.03735348
  0.56961674 -1.83571859]
flag: 0.0, tau_net value: [ 3.74256626 -5.49118964 -7.31293997 -4.0481664  -7.69246708  3.30804255
  1.60584688 -3.6882057 ]
flag: 0.0, tau_net value: [ 3.62509948 -5.28833036 -6.94288338 -4.28650879 -7.81028755  3.3702234
  1.45032971 -1.61613237]
  Rollout step: 66/500flag: 0.0, tau_net value: [  1.1107446   -3.97664297  -6.5061298   -3.99696409 -10.72108381
   2.20291993   1.52790992  -3.39569598]
flag: 0.0, tau_net value: [ 1.9220317  -4.07462528 -6.60493726 -3.25028191 -9.88844387  1.85275813
  1.70453863 -1.85202653]
flag: 0.0, tau_net value: [ 2.43153809 -3.88925793 -6.49595531 -3.6011697  -9.3566564   1.96680849
  2.36506485 -2.99121074]
flag: 0.0, tau_net value: [ 2.69571486 -3.92375475 -6.31974552 -3.46945988 -9.07150481  1.94821131
  2.2457093  -1.68995706]
flag: 0.0, tau_net value: [ 2.93846812 -3.90397788 -6.15984162 -3.47944274 -8.80050043  2.08258401
  2.75470774 -2.79683749]
  Rollout step: 67/500flag: 0.0, tau_net value: [ 6.23491701 -3.76342514 -5.4369158  -3.50726916 -6.28170339  3.76267747
  7.01285191 -1.59160334]
flag: 0.0, tau_net value: [ 5.2028559  -4.82009794 -4.39852186 -4.06836686 -7.3111668   3.8336474
  5.48020037 -0.13057521]
flag: 0.0, tau_net value: [ 4.89040096 -5.09415555 -4.21505882 -3.74689496 -7.61362031  4.16239555
  5.41215031 -2.12910692]
flag: 0.0, tau_net value: [ 4.64789136 -5.1600538  -4.14356041 -3.95561573 -7.88158299  4.14355778
  4.55374714 -0.4441056 ]
flag: 0.0, tau_net value: [ 4.64540406 -5.24899413 -4.19197388 -3.78152272 -7.8963478   4.18258579
  4.85091579 -2.26695707]
  Rollout step: 68/500flag: 0.0, tau_net value: [ 6.63122087 -6.09596459 -5.66079146 -3.94197486 -9.71759088  4.88582466
  5.01542459 -0.5609101 ]
flag: 0.0, tau_net value: [ 6.46928064 -5.99864697 -5.77191966 -4.12880893 -9.8668787   4.78294287
  5.56769611 -2.1161974 ]
flag: 0.0, tau_net value: [  6.2530108   -5.95038128  -5.82394825  -4.0968162  -10.08698727
   4.61205612   5.17789235  -0.54175354]
flag: 0.0, tau_net value: [  6.18424646  -5.90278663  -5.87542589  -4.0400979  -10.15038147
   4.6086764    5.66182611  -2.0597939 ]
flag: 0.0, tau_net value: [  6.03454267  -5.84715854  -5.8699321   -4.11260999 -10.31353395
   4.49741227   5.24102564  -0.52109893]
  Rollout step: 69/500flag: 0.0, tau_net value: [ 7.54207691 -3.53491623 -8.84023642 -3.99836143 -9.20659687  2.89891828
  4.90107412 -2.02390878]
flag: 0.0, tau_net value: [  6.64031181  -5.18618305  -7.04657454  -4.09561526 -10.11338641
   2.68234319   4.21879697  -0.94336433]
flag: 0.0, tau_net value: [  6.38038648  -5.23199036  -6.42880894  -4.00115354 -10.36425172
   3.27784488   4.41270817  -2.24212332]
flag: 0.0, tau_net value: [  6.2298161   -5.2868335   -6.04569195  -3.9759675  -10.52093113
   3.4445067    4.03199477  -0.98366209]
flag: 0.0, tau_net value: [  6.25202208  -5.30762684  -5.83462242  -3.87793715 -10.49250761
   3.60544628   4.44106621  -2.21454155]
  Rollout step: 70/500flag: 0.0, tau_net value: [  5.4377912   -6.51181168  -4.44647027  -3.93663393 -11.32573185
   6.73614721   3.52770805  -0.91709222]
flag: 0.0, tau_net value: [  6.37376503  -7.55130521  -4.85026088  -1.24012278 -10.38662701
   5.40491833   3.78540157   0.88038823]
flag: 0.0, tau_net value: [ 6.83077063 -6.92287836 -4.89140219 -2.7331804  -9.95863442  5.4846688
  4.42027316 -0.45069424]
flag: 0.0, tau_net value: [ 7.09075789 -7.08241221 -4.8686338  -2.01901893 -9.70451734  5.28594639
  4.15480194  1.02609016]
flag: 0.0, tau_net value: [ 7.30126495 -6.94442386 -4.76841208 -2.3345767  -9.49984489  5.36955342
  4.6294742  -0.32435045]
  Rollout step: 71/500flag: 0.0, tau_net value: [ 8.88655053 -7.02109588 -5.03660121 -2.21054543 -8.37378346  6.82159828
  6.74165517  1.1183701 ]
flag: 0.0, tau_net value: [ 8.25886642 -7.12841193 -4.52166868 -5.05749651 -9.05677062  6.47716133
  7.19545253 -1.58875635]
flag: 0.0, tau_net value: [ 7.91419318 -7.45787437 -4.61609772 -3.76263958 -9.42521824  6.21930728
  6.24540737  0.86319201]
flag: 0.0, tau_net value: [ 7.77974944 -7.25419289 -4.64863868 -4.32490733 -9.59281541  6.26658716
  6.84579356 -1.72046904]
flag: 0.0, tau_net value: [ 7.57828923 -7.27846677 -4.67435799 -4.11357897 -9.84373807  6.05202963
  5.96167658  0.83651066]
  Rollout step: 72/500flag: 0.0, tau_net value: [  4.38022091  -4.8778371   -0.67929609  -4.1070865  -10.80496572
   2.26342602   5.47684448  -1.84264   ]
flag: 0.0, tau_net value: [ 5.19195344 -4.10306363 -1.88602813 -1.05018709 -9.92039994  3.03944927
  4.44148275  1.5664974 ]
flag: 0.0, tau_net value: [ 5.64714571 -3.89465866 -2.01910904 -2.39180537 -9.43409674  3.13850428
  5.43134854 -1.73763259]
flag: 0.0, tau_net value: [ 5.80566946 -4.14524036 -2.128218   -1.88305988 -9.25097444  3.00989777
  4.33979106  1.69277142]
flag: 0.0, tau_net value: [ 6.08329119 -4.19234504 -2.20397956 -2.05341307 -8.92715272  3.18805827
  5.34677115 -1.84462371]
  Rollout step: 73/500flag: 0.0, tau_net value: [11.03881422 -7.31545279  2.03490567 -2.12843009 -6.41051962  5.34854913
  2.7915139   1.85146351]
flag: 0.0, tau_net value: [10.69808247 -5.43641202  0.77126581 -4.47680025 -6.75556067  5.78621281
  4.85048936 -4.49339873]
flag: 0.0, tau_net value: [10.04305304 -5.63015256  0.1159003  -3.43015066 -7.43676729  4.96832876
  2.95762594  2.14511898]
flag: 0.0, tau_net value: [ 9.84573967 -5.41159207 -0.36552845 -3.7764197  -7.61683004  4.88276732
  5.13368636 -4.77393407]
flag: 0.0, tau_net value: [ 9.26304475 -5.30290105 -0.6244857  -3.8776283  -8.25202759  4.50327885
  2.86089165  2.51824635]
  Rollout step: 74/500flag: 0.0, tau_net value: [  3.75158828  -5.37220493 -10.21609907  -3.52092224  -8.59695084
   3.4614995    7.70363333  -5.23129675]
flag: 0.0, tau_net value: [ 3.070107   -6.74046539 -8.22153266 -2.89623424 -9.37827014  3.56013706
  3.6485488   6.41612661]
flag: 0.0, tau_net value: [ 3.55488281 -6.90497201 -7.41976492 -2.60701923 -8.87010967  4.45117042
  7.44491707 -6.16749879]
flag: 0.0, tau_net value: [ 3.25177372 -6.77535146 -6.72280645 -3.09583295 -9.2832488   4.55627528
  3.17336333  7.29138491]
flag: 0.0, tau_net value: [ 3.93720879 -7.04649586 -6.52719966 -2.17602252 -8.55527149  4.8611725
  7.88223692 -7.23839824]
  Rollout step: 75/500flag: 0.0, tau_net value: [ 4.02656919 -7.51815842 -1.67388651 -3.18566175 -9.80552263  5.51971871
  0.64717033  8.68134064]
flag: 0.0, tau_net value: [  5.64570416  -7.05775241  -3.13268935  -1.23358707  -7.9435174
   4.96669608   7.74715192 -10.79530472]
flag: 0.0, tau_net value: [ 5.14544479 -6.09842595 -3.27692961 -3.14458832 -8.59520575  4.98511002
  0.34688653 12.51001611]
flag: 0.0, tau_net value: [  6.31106699  -6.87719871  -3.74005468  -1.12473505  -6.91362406
   3.52827002  10.33724022 -16.2939623 ]
flag: 0.0, tau_net value: [ 4.97438273 -5.41189304 -3.46194568 -3.49302145 -8.51690259  4.77972046
 -1.97021683 19.88877826]
  Rollout step: 76/500flag: 0.0, tau_net value: [  0.06929796  -8.50989119 -11.42439461  -0.49412944  -5.9610122
   1.28990867  18.66964919 -29.01616389]
flag: 0.0, tau_net value: [-2.54239379 -6.01433974 -9.46536998 -4.08743814 -9.16178041  5.44703986
 -6.17332802 40.13049541]
flag: 0.0, tau_net value: [  0.45012508  -9.13721182  -9.20826833   1.39926804  -5.74163528
  -2.20911803  22.98686024 -74.31044931]
flag: 0.0, tau_net value: [ -2.58801602  -3.19450645  -8.1298985   -5.86399372  -4.2185665
  30.56496189 -55.63301997 167.6085969 ]
flag: 0.0, tau_net value: [   5.79688139  -21.38083216   -7.39721597    5.10053329   -3.72196094
  -36.50802931   87.71152755 -213.23338927]
  Rollout step: 77/500flag: 0.0, tau_net value: [  10.44086404   11.84472181    0.65700894  -11.85698511    2.902178
   71.9267358  -107.64186793  214.90932055]
flag: 0.0, tau_net value: [  21.64368888  -37.79573971    1.63266418   15.44912161    2.0770323
  -52.27163816  105.72404228 -216.07053754]
flag: 0.0, tau_net value: [  4.87431963  10.57963406  -1.25696343 -19.23007015  -4.50322278
  46.09144868 -57.77167978 136.68173432]
flag: 0.0, tau_net value: [  15.10843682  -28.08300251   -2.79682484   20.64957072   -0.68855926
  -34.67978039   95.83741661 -279.37851194]
flag: 0.0, tau_net value: [  1.58924596   4.90050945  -0.413335   -22.54465697   4.26313236
  78.54613015 -94.34867788 140.28302754]
  Rollout step: 78/500flag: 0.0, tau_net value: [  -6.2452243   -26.16915885  -27.00789404   22.26560888   15.15685058
  -52.83492854  103.88994604 -299.39492079]
flag: 0.0, tau_net value: [ -5.10323342 -25.00778984   9.78334381  -0.88999319   0.53989547
 -31.19441516 -18.00622635 119.92072081]
flag: 0.0, tau_net value: [   2.83155134    5.26934484  -19.09317272  113.80002678  -10.32906185
  -37.38097603  -10.95579832 -201.15744228]
flag: 0.0, tau_net value: [   7.63427423    4.6259677    55.43598507 -151.63174832  -29.78628862
  -15.70707406 -136.17413064  220.74858233]
flag: 0.0, tau_net value: [  13.96392394   74.99392683  -75.25703752  234.42574907  -34.59548
  -16.76401781 -132.29278785 -100.93107169]
  Rollout step: 79/500flag: 0.0, tau_net value: [  44.20686618   38.93485852  125.84792009 -197.90116628  -50.43263189
  -44.448922   -169.42316092   84.70546171]
flag: 0.0, tau_net value: [  45.57158875   40.25385333   25.33266216  122.165514    -24.46140341
  -74.64277403  -25.22285299 -143.23141576]
flag: 0.0, tau_net value: [  30.79754035   40.79138265   29.48079798 -178.20711485  -29.67821391
  -64.23005189  -82.81570737  105.71472522]
flag: 0.0, tau_net value: [  39.75973419    7.21313822   -2.82904616   61.81942102   -6.39949428
  -90.11540003   49.56407261 -233.71062998]
flag: 0.0, tau_net value: [  23.88353632   -0.20980697   44.61071851  -79.09959891   -5.54457585
   -9.5525066  -106.38360069  163.65641975]
  Rollout step: 80/500flag: 0.0, tau_net value: [  -8.65682285   29.43757287  -73.6578137   129.08720438    1.73229231
  -36.9601529    39.73255349 -266.08562429]
flag: 0.0, tau_net value: [  -5.17392796  -20.37768397   85.32037313 -256.43379172  -20.78170108
    4.00556676 -125.97165503  168.93835476]
flag: 0.0, tau_net value: [   5.946681     79.66454084 -112.17844126  164.24135418  -11.98054316
    1.11986533 -117.75040428 -154.30686189]
flag: 0.0, tau_net value: [  16.74752346  -43.44589441  103.0095137  -287.76294805  -35.3208324
   -8.09945345 -259.36332326  204.70526593]
flag: 0.0, tau_net value: [  40.05482488   74.89074446 -120.84197633  146.6755665   -25.05391769
  -81.3674171   -84.24321825 -202.68665124]
  Rollout step: 81/500flag: 0.0, tau_net value: [  75.2000866   -13.4676521   127.10432587 -297.6523674   -33.30856603
  -21.52754192 -293.12304396  253.95494588]
flag: 0.0, tau_net value: [ 115.06346606   21.73609646  -15.74867063  132.28170762   13.29686458
  -71.86493632 -112.57982296 -189.97468104]
flag: 0.0, tau_net value: [ 130.8839534    14.09470354   27.60049223 -135.84859678   26.27483334
  -82.0175694  -101.09331468  112.88368566]
flag: 0.0, tau_net value: [ 143.11842043    7.44535529  -22.92502241   52.94413499   53.2153762
 -154.66367973  117.9176992  -277.09748935]
flag: 0.0, tau_net value: [ 152.40393477   -2.14101362   31.72211307 -183.74299262   54.89830876
 -154.04288009  109.93307314   54.98173226]
  Rollout step: 82/500flag: 0.0, tau_net value: [ 176.53212723   18.43414916 -105.68391699  240.00656564   74.30440823
 -159.68733265  237.40009491 -175.21150902]
flag: 0.0, tau_net value: [ 109.94741711   -5.21574411   58.17654509 -164.44073718    6.93107836
   34.67435815 -103.59438818  315.8839987 ]
flag: 0.0, tau_net value: [  68.66150694   45.38693212 -106.11187901  226.19733608  -33.61773548
  -41.45473292   62.59807137  -98.89144232]
flag: 0.0, tau_net value: [  28.63257974  -31.67013699   81.56528822 -175.91406527  -78.29869876
   76.33898078 -200.02348935  251.1384052 ]
flag: 0.0, tau_net value: [  31.83357189   31.90305703 -115.31813953  230.5373659   -74.5692812
  -80.86914327  121.29017383 -198.99170186]
  Rollout step: 83/500flag: 0.0, tau_net value: [   6.38475959  -20.34424436   91.15126639 -165.28119134  -92.95344261
    4.05610006 -139.32370169  226.15014616]
flag: 0.0, tau_net value: [  17.47261386   33.79415409  -77.7370878   276.94759134  -44.70539699
  -35.99918782   37.58410492 -207.12091808]
flag: 0.0, tau_net value: [ 11.19603302  -3.11942442  -1.60863369 -84.55406633 -33.30417876
  32.4391477  -96.32614013 177.3396495 ]
flag: 0.0, tau_net value: [  16.15434439   26.71234975 -130.78396361  167.6051307    -4.93531487
  -34.7017768    95.80951286 -269.854604  ]
flag: 0.0, tau_net value: [   1.49262169  -52.81687267   42.92905627 -207.70682059   -8.83248487
   70.15231967 -122.95314951  157.44676153]
  Rollout step: 84/500flag: 0.0, tau_net value: [  -6.66850773  -25.88881791 -171.13323207  242.12119564   18.27834283
   -0.88590055  107.38092677 -269.12363551]
flag: 0.0, tau_net value: [ -12.1013702   -98.66521895   46.7849209  -213.72825213  -14.39453737
   69.29438257 -117.84746996  125.98194873]
flag: 0.0, tau_net value: [  -0.46550257   54.41518254 -239.70954261  252.14599039   -5.44136712
   -0.62912833   81.50583101 -192.10515942]
flag: 0.0, tau_net value: [  -8.40664152 -105.94891151   70.74608387 -224.62044312  -40.25653223
   58.72025279 -166.92377823  236.20477894]
flag: 0.0, tau_net value: [   6.46577038   69.80132948 -247.05974213  255.97948892  -32.63845319
   -7.36747977   38.58169241 -193.19310659]
  Rollout step: 85/500flag: 0.0, tau_net value: [   6.10947318  -72.95370567  111.15412309 -225.8498257   -67.57509257
   63.11728495 -219.11790017  284.94500787]
flag: 0.0, tau_net value: [  12.56237804  -13.35974742  -70.77186834  212.84087834  -28.85264421
   19.82508873  -42.85525882 -161.06031915]
flag: 0.0, tau_net value: [  6.50640237   0.93779267 -95.29287369 -99.04531334 -16.70366346
  31.60209145 -50.71969599 162.32366001]
flag: 0.0, tau_net value: [  12.21416213   50.69731395 -229.04366262  134.41350603   11.04909089
  -16.52423955  134.37354466 -284.98141043]
flag: 0.0, tau_net value: [  -7.4365742   -52.84560089    2.39302553 -242.30877124    1.91159884
   87.64317254  -78.48301717  139.41978462]
  Rollout step: 86/500flag: 0.0, tau_net value: [  -3.10144945  -14.62035022 -216.03771293  220.80291336   32.98513871
   54.84947524   86.17410444 -308.40283523]
flag: 0.0, tau_net value: [ -16.71511998 -159.9028577    77.64178524 -264.74804797   -0.73255234
  101.31697726 -103.35545612  131.8236069 ]
flag: 0.0, tau_net value: [   8.0094819    17.83342384 -275.82043786  233.99394923   19.16499028
  -42.59487867  228.66992124 -356.33083242]
flag: 0.0, tau_net value: [ -14.72341524 -124.37298411   62.67887293 -272.12517391   -7.51061028
   99.90392172  -77.96393324  126.88899112]
flag: 0.0, tau_net value: [   8.31916024   20.13948462 -221.62502289  192.29570176    9.81312138
  -18.05712349  198.90597811 -335.1266377 ]
  Rollout step: 87/500flag: 0.0, tau_net value: [ -10.57003373 -113.6857245   134.05536427 -324.89195628  -18.16805998
   92.16373342  -60.5887632   136.79704692]
flag: 0.0, tau_net value: [  11.40731938  -79.80568004   72.74174435   32.55731776   -9.74821073
   -7.48530047  173.72991325 -306.46801573]
flag: 0.0, tau_net value: [ -7.28477818  32.27315042 -55.22509302 -10.38736743  -1.97784935
 141.39005385 -84.92976835 155.15245661]
flag: 0.0, tau_net value: [  15.83482261  -97.81174998   69.05896153  -30.87005125  -13.59451643
  -58.06272884  197.07864116 -301.46244922]
flag: 0.0, tau_net value: [  -6.03716975   59.50840612 -105.69990952  122.65999981    0.92947005
  137.86926728  -88.38405896  164.00486585]
  Rollout step: 88/500flag: 0.0, tau_net value: [  -7.01746502 -197.54329256  269.34627224 -378.76797582  -40.51121818
  -74.72683971  171.6451625  -287.60365751]
flag: 0.0, tau_net value: [ -20.25378126  -91.70369279   22.92811828   84.81418235  -31.35467315
   77.52906609 -127.4929864   182.02976223]
flag: 0.0, tau_net value: [ -17.90837526  -89.17515738   24.26150814 -236.20471326  -35.74414898
  138.2389752  -190.12722365 -135.36277771]
flag: 0.0, tau_net value: [ -13.22463866  -34.25374168 -188.20184238  207.4091953   -32.06225886
  159.370428   -278.18776828  105.86949572]
flag: 0.0, tau_net value: [   9.38578603  -70.56199779 -161.56121703 -125.39660237  -42.80304252
   55.84776359  -70.38680311 -312.97499551]
  Rollout step: 89/500flag: 0.0, tau_net value: [  24.35437257 -101.08415631 -145.62729512 -109.9636335   -57.2453502
  113.95440583 -242.38526565  132.80419803]
flag: 0.0, tau_net value: [  57.48888608 -124.90044836 -115.87028086  174.31525395  -51.15543507
  -74.31084395  139.64885463 -360.39431049]
flag: 0.0, tau_net value: [  18.0713137  -126.76390247  120.19721526 -301.06854417  -75.56647528
  107.06770787 -134.0017631    99.43215226]
flag: 0.0, tau_net value: [  53.57500377  -97.0899237    62.35526309   53.08665567  -57.5636824
  -57.5845407   220.14807319 -344.41733358]
flag: 0.0, tau_net value: [  23.66866836   -2.17968718   40.27670699 -103.90676203  -46.84644794
  166.75149445 -122.70605764  147.84275805]
  Rollout step: 90/500flag: 0.0, tau_net value: [  29.21045927  -69.11808218   30.25171973  203.2573504   -62.97122714
  -53.93385547  212.97696299 -357.74979026]
flag: 0.0, tau_net value: [  29.11532276 -152.31817001  254.1101015  -256.52861613  -66.35408456
    6.8711809    22.95477334   88.9528189 ]
flag: 0.0, tau_net value: [  44.99792379  -62.97927012   77.88082569   50.40255963  -42.00235967
   15.53098873    8.2906022  -184.03263122]
flag: 0.0, tau_net value: [  36.07806628  -96.18098753  200.02702517 -360.64916464  -48.21009781
   76.95432586 -180.06605259  260.97869388]
flag: 0.0, tau_net value: [  46.9657962    56.24098076 -114.98911392  119.25935486  -20.32815819
   86.19066511 -188.97659433  -62.23046398]
  Rollout step: 91/500flag: 0.0, tau_net value: [  47.84093761   26.80305107   83.10327711 -341.00010006  -23.67900121
   97.64941139 -308.36378454  161.32730489]
flag: 0.0, tau_net value: [  89.77740916  155.11672458 -231.31513799  155.106377      4.17764124
  -42.90759039    5.34296798 -332.72972074]
flag: 0.0, tau_net value: [ 101.38832822  -10.63201394   95.31854471 -328.83276619  -15.55924721
  -30.95641008  -46.16432124   19.75922146]
flag: 0.0, tau_net value: [ 127.86369558  120.0628739   -99.06387405   96.91487534    8.98716342
  -45.30130061  122.78030503 -228.46403182]
flag: 0.0, tau_net value: [ 123.3839333    90.38469695  -31.81727463 -263.47884415    4.11271565
   77.41111086 -138.78829192  226.2476    ]
  Rollout step: 92/500flag: 0.0, tau_net value: [ 157.93834848   20.97222818  -28.67634641   95.62449604   -9.10681758
  -44.15673727  156.21357321 -263.9891581 ]
flag: 0.0, tau_net value: [  89.16788451   24.54745232  210.68930142 -386.08593143  -53.27102172
  259.11287122 -292.62644482  272.79278834]
flag: 0.0, tau_net value: [  92.81765042  182.38771862  -91.39772509   85.11409922  -58.88286835
  121.26269813   37.90850326 -220.98469336]
flag: 0.0, tau_net value: [  73.95364585   15.85706099  282.12391024 -434.11241272 -108.95608231
  136.06643914   -5.32025995  132.02428632]
flag: 0.0, tau_net value: [  58.7372721   284.0754261  -141.97787224   90.70123159  -96.97139245
  227.61955374  -19.9984565  -211.96250976]
  Rollout step: 93/500flag: 0.0, tau_net value: [  60.72499119   21.41193724  258.05113655 -441.58783482 -125.22984141
  128.66970015  -48.40568166  150.86266346]
flag: 0.0, tau_net value: [  89.5070112   105.85657134  -53.38873024   58.78836904  -92.8761005
  -62.67387113  255.91058156 -319.47692652]
flag: 0.0, tau_net value: [  63.33142927  -12.49194401  160.21677851 -200.72033298 -101.75628118
  108.96040998 -149.06080397  210.36402029]
flag: 0.0, tau_net value: [  93.1802465    97.9859047  -165.65690844  301.3174662   -71.75587833
 -117.39937314  265.52455943 -316.64630743]
flag: 0.0, tau_net value: [  58.4902184   -61.81455907  200.39921389 -209.50102041  -93.48098243
   98.89668965 -175.27045161  223.55613792]
  Rollout step: 94/500flag: 0.0, tau_net value: [  64.93979929   57.80035399 -136.23054562  301.25828437  -93.92145691
  -69.62188158  197.00710772 -298.24143725]
flag: 0.0, tau_net value: [  34.12784359  -38.2712425   143.03950935 -179.62628086 -110.31511071
  122.79807567 -177.60610254  214.2148414 ]
flag: 0.0, tau_net value: [  61.973444    110.72741938 -185.73280214  311.10692247  -81.72836077
  -70.76599036  227.09300566 -311.06051328]
flag: 0.0, tau_net value: [  31.17985633  -32.89993371  141.92702446 -185.44327194 -104.73833865
   96.06932717 -136.61953315  199.68201786]
flag: 0.0, tau_net value: [  55.46681664  114.55659339 -183.15755481  304.27042824  -77.26309533
  -66.43978426  205.166181   -295.2273758 ]
  Rollout step: 95/500flag: 0.0, tau_net value: [  48.9121505     1.20409806  124.57861753 -195.56743527  -64.5716251
   65.1878512  -105.74308985  208.64223891]
flag: 0.0, tau_net value: [  71.82498659  113.3056936  -180.93444761  297.61577866  -40.43728712
  -98.77447993  212.64697149 -276.73107267]
flag: 0.0, tau_net value: [  40.30330367  -75.61931836  210.24394584 -221.62674609  -66.03796178
   71.38532687 -168.87479966  239.47034708]
flag: 0.0, tau_net value: [  65.61432079   94.48459972 -151.96965949  288.60492114  -34.01296123
  -76.11905199  167.63298762 -259.27525307]
flag: 0.0, tau_net value: [  35.85133917  -82.67926658  214.4266099  -219.90596812  -59.16558334
   83.05051121 -197.17073654  251.0823491 ]
  Rollout step: 96/500flag: 0.0, tau_net value: [  36.02631237   51.11115345 -119.3516164   287.21108244  -55.24163524
  -53.72376937  117.2426799  -253.38834231]
flag: 0.0, tau_net value: [   7.26278247  -62.2163679   171.19929991 -195.99057261  -74.06437206
  117.72189119 -233.33896706  248.41853238]
flag: 0.0, tau_net value: [  34.26542858  104.53187776 -194.09351675  314.49760297  -44.75288694
  -65.3862216   154.20390598 -269.27485949]
flag: 0.0, tau_net value: [   4.16169259  -48.39171167  139.787871   -182.79914119  -69.76840427
   96.7573965  -206.93378546  239.90416678]
flag: 0.0, tau_net value: [  30.20110455   95.71022767 -176.29404328  304.37528291  -43.98207217
  -75.44289151  163.97023055 -271.76665516]
  Rollout step: 97/500flag: 0.0, tau_net value: [  28.43308058  -19.21447559  129.85223501 -192.96750897  -37.17143069
   83.06601946 -170.19866468  238.67651235]
flag: 0.0, tau_net value: [  55.77607967   99.53745701 -179.29358584  300.36529377  -11.07061103
  -99.54712941  190.37348151 -265.74940311]
flag: 0.0, tau_net value: [  26.40804479  -68.14199679  180.20959689 -206.45771781  -33.90319587
   77.2679866  -195.7211682   252.33602893]
flag: 0.0, tau_net value: [  52.94901884   88.90065684 -162.91316745  295.98197973   -3.36520292
  -84.64167527  161.58188165 -254.95812766]
flag: 0.0, tau_net value: [  23.94307308  -73.35488923  183.19782753 -204.90493142  -27.13723331
   86.01771624 -216.90556611  260.94457018]
  Rollout step: 98/500flag: 0.0, tau_net value: [  29.41434867   43.39256967 -124.31132284  295.81025514  -38.66429299
  -69.91786653  118.39415627 -252.18432099]
flag: 0.0, tau_net value: [  -4.1025598   -62.78847753  163.98156328 -187.80621634  -59.96032064
  129.04962507 -270.34244455  263.9045556 ]
flag: 0.0, tau_net value: [  20.6148432    88.99947565 -177.9137275   313.46972665  -35.12576792
  -63.88528723  132.89974385 -261.12274708]
flag: 0.0, tau_net value: [ -11.04552987  -55.46870937  147.21021495 -180.90100598  -60.65737907
  117.49692524 -256.94684814  259.73487615]
flag: 0.0, tau_net value: [  14.80756321   83.5270884  -166.67442751  306.99573403  -36.3826481
  -72.76197767  144.18817279 -265.36012565]
  Rollout step: 99/500flag: 0.0, tau_net value: [   6.23061373  -20.86582246  125.28456497 -187.89986036  -14.2887961
  105.14557243 -222.29354835  259.92101896]
flag: 0.0, tau_net value: [  37.57668396   89.64347294 -176.58770183  303.56920577   14.35066131
 -104.97377076  184.4124495  -264.64408663]
flag: 0.0, tau_net value: [   9.38649753  -64.46168142  167.73966241 -197.67210145   -4.35489011
   98.55272695 -242.92934095  270.80842307]
flag: 0.0, tau_net value: [  38.2979206    79.59455487 -163.70260725  301.40272672   26.45556264
  -94.95213984  164.65526975 -258.14555451]
flag: 0.0, tau_net value: [   8.74863133  -69.04232514  169.68861959 -195.3001091     5.42830443
  108.46267796 -264.32499919  278.94034145]
  Rollout step: 100/500flag: 0.0, tau_net value: [  18.64168915   36.82575246 -139.92085377  302.54256431    5.00540466
  -84.64685882  140.6997462  -258.98193844]
flag: 0.0, tau_net value: [ -18.47780262  -68.66413868  154.13096442 -184.33420219  -25.8980316
  116.420692   -238.17817687  248.52709541]
flag: 0.0, tau_net value: [   0.36822471   73.61269806 -159.99589013  303.08230368   -8.34715084
  -79.14110113  184.72899183 -288.50620688]
flag: 0.0, tau_net value: [ -27.02021523  -60.68428522  159.08467395 -189.80597826  -38.16147808
   75.23636747 -127.89758519  190.48056617]
flag: 0.0, tau_net value: [  -7.10096931   94.68270845 -158.33777432  297.83879257  -14.566737
  -81.85713286  246.07461629 -328.08531171]
  Rollout step: 101/500flag: 0.0, tau_net value: [ -34.35925003  -26.66256636  164.35551418 -199.40452359  -21.03872986
  117.50260978 -174.78709235  213.60644431]
flag: 0.0, tau_net value: [   1.10297331   73.38553593 -124.7578435   286.17212888    4.00045134
 -113.43891232  262.60488669 -322.07875963]
flag: 0.0, tau_net value: [ -23.46604068  -60.09674494  192.19967547 -204.50785582  -14.44916953
   94.58598878 -162.42813706  211.64520236]
flag: 0.0, tau_net value: [   7.43906334   69.42967035 -114.08803198  283.01168103   12.00575656
  -99.70117154  241.80906705 -313.57871469]
flag: 0.0, tau_net value: [ -18.66990882  -58.35910456  184.00396035 -198.22452553   -8.68222907
   93.71381277 -162.04493107  211.75535008]
  Rollout step: 102/500flag: 0.0, tau_net value: [  -1.20196011   38.49097348 -102.35982212  284.81154825   -7.77344825
  -84.88414676  211.62835455 -308.5619565 ]
flag: 0.0, tau_net value: [ -37.20219918  -71.15774886  186.39091948 -196.96188093  -39.54801853
  125.07826097 -200.81687133  217.75625062]
flag: 0.0, tau_net value: [ -16.54870968   63.66664828 -102.28852086  278.63915086  -23.07985605
  -29.18474321  154.25636976 -289.36741419]
flag: 0.0, tau_net value: [ -46.17843357  -65.3785504   195.83768522 -202.73682822  -52.42061167
  159.00232953 -243.0215669   233.07965872]
flag: 0.0, tau_net value: [ -20.15755952   50.35401546  -81.45103427  270.49815138  -34.90876544
  -26.58075435  145.6387361  -285.16686708]
  Rollout step: 103/500flag: 0.0, tau_net value: [ -39.04692204  -33.89389522  173.60976183 -198.72625007  -31.15811961
  163.30210518 -241.1211199   238.35161518]
flag: 0.0, tau_net value: [   6.6099773    72.80381738 -102.64298738  276.57276891    7.50098211
  -49.91947575  185.11247068 -294.64186121]
flag: 0.0, tau_net value: [  -5.69682675  -42.02335337  133.13755733 -172.25345754   -2.86945067
   85.34010357 -149.62674285  207.44095638]
flag: 0.0, tau_net value: [  27.98571136   66.57252051 -141.73584024  300.60375045   25.42485634
 -119.97556139  264.30641445 -319.5344907 ]
flag: 0.0, tau_net value: [   5.821976    -32.73720115  114.99903163 -164.23117405   11.16662016
   68.99032571 -121.64685055  196.89853062]
  Rollout step: 104/500flag: 0.0, tau_net value: [  28.29129385   50.26348499 -138.82471217  305.19529766    9.37364339
 -117.99559557  236.51749358 -316.40487217]
flag: 0.0, tau_net value: [ -20.29057145  -70.39584031  145.38718212 -170.54060803  -35.45145359
   72.44782525 -160.91272232  204.77285385]
flag: 0.0, tau_net value: [ -12.35749464   60.55391524  -99.55915018  281.88519152  -25.36433323
  -18.25068472  113.14391373 -273.25737986]
flag: 0.0, tau_net value: [ -46.30387696  -64.44874359  184.85803231 -191.58449192  -57.55898665
  163.24277667 -273.216346    242.84514407]
flag: 0.0, tau_net value: [ -25.59809585   34.8382692   -63.2480336   269.35470166  -44.25981831
   -5.6485412    83.45005655 -261.53495365]
  Rollout step: 105/500flag: 0.0, tau_net value: [ -45.42936918  -37.02689605  155.88176748 -182.2535382   -42.66291049
  156.03080955 -231.74788712  231.91332608]
flag: 0.0, tau_net value: [   1.16828667   60.98885809 -102.44923531  284.37782845   -2.86081119
  -49.51522896  180.37869919 -294.24673992]
flag: 0.0, tau_net value: [  -9.04332999  -39.34813122  112.6932839  -156.21506036   -9.41709413
   83.96103653 -144.26943381  202.12732039]
flag: 0.0, tau_net value: [  23.77230661   55.00113623 -136.71800984  305.02133121   17.60428082
 -114.32269685  253.89780049 -317.26709415]
flag: 0.0, tau_net value: [   3.3464165   -30.65424139   97.67742148 -150.18509404    6.08290367
   68.42547701 -116.90307076  191.7499816 ]
  Rollout step: 106/500  Episode ended at step 106

  Steps done   : 106
  Mean reward  : 0.023
  Total reward : 2.389
Saving simulation video... 
Captured 105 frames at 100.0 fps.
[sim_video] saved (105 frames, 100.0 fps, slowdown x4.00): checkpoints/TitaJoystickFlatTerrain/rollout.mp4
  Reward plot  : checkpoints/TitaJoystickFlatTerrain/reward_rollout.png
  Info CSV     : checkpoints/TitaJoystickFlatTerrain/rollout_info.csv
  Loading: checkpoints/TitaJoystickFlatTerrain/rollout_info.csv
  Saved: checkpoints/TitaJoystickFlatTerrain/plots/plot_llc.png
